7.208275950977067375e-04
-8.156334611621998270e-19
-9.250465330986183156e-04
-1.626164182341317214e-03
-1.468460185275114469e-03
1.637096488076986134e-18
2.426562140691936997e-03
4.367597568279992480e-03
3.889284576222342641e-03
-3.356482321139545392e-18
-5.974642332894562237e-03
-1.032612260657504895e-02
-8.856412916505438521e-03
5.548437876395768689e-18
1.282326498971409802e-02
2.173076011153672604e-02
1.841760743861594468e-02
-7.670702634193777120e-18
-2.681269598586171962e-02
-4.647450661352350160e-02
-4.109383234994102435e-02
9.198256647097688383e-18
7.266071183034632230e-02
1.569799986302487516e-01
2.244415569653670783e-01
2.501994237197910365e-01
2.244415569653670506e-01
1.569799986302487238e-01
7.266071183034630843e-02
9.198256647097686842e-18
-4.109383234994102435e-02
-4.647450661352349466e-02
-2.681269598586171615e-02
-7.670702634193774038e-18
1.841760743861593427e-02
2.173076011153672257e-02
1.282326498971409628e-02
5.548437876395767148e-18
-8.856412916505435051e-03
-1.032612260657504027e-02
-5.974642332894562237e-03
-3.356482321139545392e-18
3.889284576222340473e-03
4.367597568279988143e-03
2.426562140691933527e-03
1.637096488076984016e-18
-1.468460185275114469e-03
-1.626164182341316346e-03
-9.250465330986177735e-04
-8.156334611621993455e-19
7.208275950977067375e-04
