0 0 0
10278 0 10278
23868 0 23868
28654 0 28654
51925 0 -13611
31889 0 31889
283621 0 21477
804420 0 17988
1273737 0 28553
1747875 0 -21597
2194374 0 31686
2620172 0 -1268
3027531 0 12875
3401772 0 -6100
3738739 0 3187
4034711 0 -28521
4286503 0 26663
4491372 0 -30612
4646903 0 -6153
4751594 0 -32534
4804270 0 20142
4804270 0 20142
4751594 0 -32534
4646903 0 -6153
4491372 0 -30612
4286503 0 26663
4034711 0 -28521
3738739 0 3187
3401772 0 -6100
3027531 0 12875
2620172 0 -1268
2184096 0 21408
1724007 0 20071
1245083 0 -101
752495 0 31599
251732 0 -10412
-251732 0 10412
